12
1
-0.339784336690736
-0.0286229388027745
0.368973609204871
0.0712787579973081
0.218320103576837
0.251472086912174
-0.3456049855772
-0.966080316987065
-0.128392423526545
-0.55311638547946
-0.570256986435345
-1.03675635953389
-0.388027461699684
0.116779396189553
-0.553829581171991
-0.267622932185601
-1.0455258240583
-0.402150925286767
-0.557170390203054
-0.44664385155442
-0.959685698420237
-0.281565148087525
-0.682655289777759
-1.03936534040712
-0.973024229191792
-0.9696781903246
-0.143520589825107
-0.354336316081535
-0.770873109983176
-0.984601389461237
-0.050413172549006
-0.559859068808568
-1.28908077780469
-0.509536972573478
-0.947659582050121
-0.618137617993564
-1.00448909807888
-0.1461874685067
-0.741414082762044
0.233817884519552
-0.166840914225299
2.28072674335472
-2.19312558446618
-1.21581944329448
-0.169646953341125
-0.090730510883973
-2.15754917789212
0.60760150343713
0.741747036313214
-0.156621393973039
-2.27621034471165
1.16955269137856
-0.00661621119416994
0.302083127095279
0.220393683733626
-0.0815698658631294
-0.623565143818356
0.232508227727045
-0.446472585633581
-0.828679250451847
-0.547678381621395
-0.569164569911759
-0.0939720585672958
-0.499916619022458
-0.370782958775736
0.135025053054468
-0.328190003075274
1.07438678488114
-0.0120339377023921
-0.187430765410114
-0.120710243544777
-0.524515255816091
-2.18596954048605
-0.221617620630528
-0.013541533569616
-0.877173136646025
-1.45544665410666
0.951781121176146
0.176873588275823
-0.153176283947791
-0.708575505120132
-0.463341361677966
-0.522709947105581
-0.630026194598628
-0.745621260489469
-0.860433815330188
-1.21480220413246
-1.16769206535919
-0.563356918877199
-0.582876102896479
-1.09900797169541
-0.344208482924861
-0.0886920338067046
0.128804372847834
-1.01189446573674
-0.231882622474006
0.309672629674571
-0.55121914892557
-0.433491482650696
0.277042505029968
-0.252273029058195
0.177593552036775
-1.20966145267422
-0.20053171594733
0.23005513493055
-0.289639243441679
0.467733740706164
-0.335194052287615
-0.539972408438887
-0.020639079418477
-0.781752761769305
-1.03844857954274
-0.642484916441294
-0.648846284548163
-0.0310379169781111
-0.410025164686026
0.336503827122208
0.20354135358738
-0.184794352630132
0.199172256357419
-0.867222189060687
-0.915058615799942
-0.444340625819494
-0.695194478867537
-0.336179636955249
-0.323182380537764
0.451739775297765
0.208060962497635
-0.557737033642081
-0.415467989607362
0.118935543358175
-0.137681255433431
-1.18315039414215
-0.30756113261505
-0.893090153006659
0.0382815016443028
-0.833229463262836
-0.774236241713858
-1.09274433250855
-0.725495317452659
-0.683298043727833
-0.175337869750812
-1.34673174300289
-0.744127588707391
0.0897967286583623
-0.569809745840995
-0.676335519734903
-0.640143414574326
-0.124602466151726
-0.800648691315447
-0.0394909233109831
0.0651900454428108
-0.738749758379395
-0.124675187400612
-0.229382782402487
-0.833638264466146
0,0586524564451589
-0.958484997194814
1.1124083936784
1.46719742154094
-1.5095752367606
-0.743240137634593
-1.40215651106503
1.79632852444558
-0.760325731969401
-0.869896710789417
-0.629745255718785
1.78908766151096
0.231660530811222
