12
1
2.27227813441519
0.491849800593537
0.714030190552809
0.583187934383509
0.761402239925253
0.77659013855282
0.485895068395671
0.281534387328988
0.746364381568224
0.274645466452833
0.402108993186389
0.222228285583687
0.187373509601414
0.878909766001978
-0.117680582394002
0.49763700230133
-0.26667233415651
0.233903600691423
-0.0432630416185201
0.864397899243832
-0.279534146509868
0.445440233065893
-0.366410151286935
0.205364622967242
-0.500752033500979
0.177942909625669
0.501049374129494
0.0221285259497837
-0.431754439829838
1.83862897352195
2.4506620281047
-0.381468128987463
1.02129790556322
-0.117547600764415
-1.5752319298015
-2.70103543523186
0.274192174435814
-0.751169628321027
0.992778418674954
-2.14135836883343
0.272126530606524
1.24722411072411
0.621528684892128
0.873124149672102
0.627670229327865
1.17128661667713
1.21482333199823
1.2179927137733
1.17773385665827
0.822326276398131
0.864430462809939
1.30539537091541
2.69634907924873
0.809827534185252
0.68104726788611
0.66799680978883
0.115746420291826
0.779752830344656
0.495669936082453
0.413810679270834
0.36719213693881
0.309437964247477
0.897421784903768
0.749719964188575
0.375099925461548
0.21571916614405
0.325480729449386
0.853299207930755
0.729249402080572
0.467000721515705
0.57818489583812
0.277810523327539
0.08223794509525
0.699679140789528
0.801734217340742
0.279524371918149
0.739456871804275
1.01582430985287
-7.21420451293724
-0.696956449518703
-1.05278432676132
3.11380066772567
1.56404828497851
0.10909170396117
-0.243435967864683
6.63001546940369
-0.807683772484212
-3.69398553588986
4.54122757133732
2.25211548527878
-5.426741610121
6.00029982559663
0.451440546523211
-4.10074023865752
1.69766129612817
6.88948696510213
-0.311000000291187
1.40965433035241
-13.5825679773124
2.34336012368099
3.59049657259078
-0.519951829634334
-8.48465564989919
8.18021905087574
1.03744775690059
0.0203932362963235
0.528637161307516
-0.635075442474053
-0.741271662289817
0.218149433780308
0.0933319823946563
-0.0794130884258854
0.0317668785214613
-0.509256104621159
1.37311215340338
0.341506354497519
0.637924613170187
0.606462555023932
0.028776899116723
0.0495782461658438
-0.0713384320272467
-0.242294932930863
-0.0694664371119536
-0.136324061116963
0.685684330305388
-0.0107191553962393
0.685078491348572
0.657283806948371
0.395985400146194
-0.15124738659543
-0.084890363444504
0.306687721869964
-0.318775769839907
0.592112477733098
0.100579530975318
0.356786185501163
0.850236147842284
-0.229704569909081
-0.497030257280514
-1.02570891643118
1.10429752043085
-0.165900697347043
-0.0354369907699901
0.172962287327666
0.480368609125947
0.303165860849873
-1.71555681429074
-0.926398549218595
-0.0610800362146478
0.547080438183145
0.76196167693032
1.18857838094024
-0.626568807108429
2.37563313600781
0.099490917852913
-0.103191655875006
4,12034253445073
1.6654737228046
1.2561663226812
2.64743638296479
-4.16077600671904
2.22890323964928
-0.742506052082531
5.43411019634142
-9.15841765639204
1.9018922050533
0.417908028224221
1.08068922028154
2.69096123735786
