12
1
-0.996863146784346
0.597217921682879
0.944095731165802
0.769516265477634
0.922414424005385
0.904645099690858
0.7743479291301
0.57603572219728
0.932853736751021
0.468416141961639
0.591900060340068
0.513112976543558
0.477211387147133
0.153209463451124
-0.237396799686299
-0.0666960422845913
-0.243808305482592
0.566811205126863
-0.178716400278803
-0.222335632343522
-1.23148352813442
0.453593368529209
0.075443038284227
-0.429897982749489
-1.13920925914725
-0.559746532368057
-0.328691542374417
-0.113666788740362
-0.375385528190858
-0.697871946812537
0.411053222633005
-0.26230938439791
-1.10421715480165
-0.655709758746208
-0.137444327813148
0.206782864642752
-0.270138633864132
-0.17115806865819
-0.436697702226867
-0.712764647407624
-0.393093731731293
0.215642137456652
-0.734366749296787
-0.463992903158938
-0.130045940006154
-0.169525570558234
0.206102184321443
-0.100073051056443
-0.176847027478692
-0.40857816519948
-0.205491354146958
-0.160215855956975
-0.367119197334591
0.833190411618323
0.752505058427031
0.707198801857759
0.139561327924784
0.819336572834732
0.589471669820368
0.518228521267052
0.397806885824879
0.343852606255927
0.932632496510464
0.851034114023287
0.466559848618076
-0.669563075737603
0.261700164278456
0.818011979538697
0.582236062861712
0.302423842196456
0.523760956813397
0.242653140220987
0.12123937245907
0.550996508586036
0.642448874333851
0.169789063145838
0.758914877715177
0.946179994647214
-0.631529499726556
0.19715960817163
0.520145133292145
0.0400605903756147
-0.159991093896361
-0.141904994383231
0.528947627992211
0.471775140772486
-0.333796881096418
-0.292008643027907
0.412597243930368
0.738947045794062
0.143473801395705
-4.36984191685947
0.00265618881819591
-0.142991053718677
-1.25926229000143
0.200468157632773
0.0187961466900515
-2.77918574971609
-0.819913603192737
6.47411983021317
5.86886264357137
5.76272706059609
-0.836380457800028
-3.1669606952813
-0.0572203799422904
-0.216953628392903
0.0474356379584132
-0.451004722108937
-0.621452384943572
0.101731421062115
-0.783851169097704
-0.641641574696246
-0.580056991759313
-0.625593098381106
0.115523717502477
0.00707123467962
0.0854082439375244
-0.501552454187043
0.166719247291101
-1.35691486334921
0.58841607181478
1.59990316632987
0.0534694824077865
-2.20627852465695
-2.39279757365598
2.00480763229023
2.774642159162
2.18908693368276
-2.04466835989797
-1.88264838900968
-3.3238053637364
0.472455885868295
-0.584938774932647
0.279896411099728
0.613776573201787
0.143544851712769
-2.18843410103758
-1.63978022952293
4.51320513081701
4.87362804283681
4.35401551756029
-0.30285604646627
-2.88924027820492
-0.972339566904461
0.0988010728776837
0.0298088309433392
-0.758131763036336
-0.954282425926286
-0.00893410599722477
-0.27083222282128
0.894505202604459
0.103038099599561
-0.718603360896615
0.0443314966760212
0.617234048296534
-0.452341983258086
0,359750625310017
2.69056699177706
-1.04022391736581
-0.774727892596909
0.327909781795388
2.0841707403845
1.90948670890881
0.918095201008356
-4.27616660753852
0.00622510318821363
-1.5692794926586
-2.258880288908
0.718314801332002
