7
1
0.824862927784696
0.298067409696992
0.587454385918473
0.973120397995907
0.638364190950945
0.129727288295816
0.38889225904167
0.720199602860959
0.616472489702762
0.465729185189113
0.912554808392969
0.946255638078451
0.906401884147909
0.705577319440851
0.963074773006912
0.968774874494706
0.530405559405084
0.970649657316219
1.10004685122063
0.123073991085728
0.458806787062593
1.00370686963664
0.881845517450611
0.63422099139917
0.678769926498392
0.806080119087855
0.0726776683551433
0.577567216638256
0.773576342013783
0.589750059450016
0.378344776841586
1.02325853790299
1.03120235241459
0.769183159825295
0.312835415331475
0.583605378895692
0.481061567773266
0.653207914340833
1.13066853844602
0.50406385316251
0.394444112177228
0.232121601010633
0.756850301519449
0.943755686498138
0.817653362432913
1.15467363240807
0.997012986971036
0.424396477245515
1.01868132223915
0.64071774856567
0.221255841484137
0.909194967947815
0.982279264077456
0.382258627010683
0.0649512205477251
0.916426556808892
0,766710394837917
0.0930537620389545
0.523113130872016
0.921949686868139
0.108741701957196
0.773043607069521
0.909770551523494
0.116198082467208
