12
1
0.866893529368113
0.521209487537127
0.76638321575794
0.608403304552651
0.795614949728811
0.816495967257827
0.554385321338196
0.329857193736836
0.788611127572931
0.324002348161258
0.439275919293048
0.280752116221002
0.263790692503831
-0.110870943555503
-0.248594990517751
0.17188229055093
-0.536266217076776
0.166872716679791
-0.300523985385848
-0.224595125707043
-1.29332760766198
0.879096495111671
0.590747760208686
-0.257127821626451
-1.26713362185365
-0.345344766044642
-0.0647951776658072
-0.258262858619891
-0.442565134487887
-0.79763822829248
0.139009373724126
-0.378217980329654
-0.901036516042977
-0.288896810045257
-0.914901582242894
-0.609882958936956
-0.86229446721845
0.119005693772916
-0.359364885998763
-0.631094839130063
-0.399207315495579
0.0547499940700337
-0.738488753302468
-0.376346329753891
-0.124025128975757
-0.313131637792464
-0.139003409010118
-0.0945010395538254
-0.169016957001791
-0.426345521619836
-0.492702569704382
-0.246907409429133
1.35416027333451
0.825952484835006
0.708797187455424
0.687989031855961
0.138099886338933
0.805255718624308
0.536241350225958
0.440279732812214
0.385353505520157
0.331379642057016
0.913680085293241
0.781848287691845
0.420023125568542
-0.530759390932771
-0.0774077798886236
0.126685109730736
-0.105235925221504
-0.31806563010842
0.125795913697182
-0.655613221678059
-0.80228534653783
-0.0811533431831222
0.0233857263191499
-0.525424614528991
-0.156588469734056
0.0818193599747161
0.0311259193434006
0.0499717368648196
-0.135480988984672
-0.147785581066584
-0.18397446918562
-0.358578536945597
-0.130310323517056
-0.556343234997204
-0.863215887834433
-0.83283450455287
-0.125392757231595
-0.200676881772902
-0.435761084172732
-0.836398259258691
0.136398565976966
-0.429625986944632
-1.17452148950497
-0.338492065861904
0.168764676544683
-3.88279188375048
-5.77117908410143
7.90869867447563
8.21337952283915
4.78609061715031
-6.11821236188209
-1.2774314556412
0.202359120847691
-0.33033613579305
-0.147663675480078
-0.556199768388428
-0.71420565667271
0.0232382386418397
-0.891821966749717
-0.579482438863878
-0.992991908824955
-1.08318728481503
-0.142398629046924
0.0779374236761841
-0.169487451334586
-0.481711597792322
0.089743985405548
-0.614274897858986
-1.11346308313246
-0.639303340166438
-0.264066201267822
-2.36404569382951
-3.41935389756326
3.63014381844034
4.90739235680275
2.49421525538099
-3.3563198607168
-0.657794816580405
-0.881771495919837
0.326285083027927
-0.754349317533108
-0.902903220959955
-0.877620445859032
0.0728397153742927
-2.52202273416966
-5.00250000796071
4.94438960425812
6.02845281575101
3.0691975612473
-3.9211045589969
-0.785403028128818
-0.386754843845595
0.126948070625223
-0.438919704797176
-0.545250311625515
-0.482075615257845
-0.0128625257858628
-0.596465022984137
0.104786386295097
-0.0328713222018026
-0.859225481461647
-0.129347127196519
-0.0632499812461597
-0.662653112159597
1,7899021352156
0.444585597994249
-0.536072298611247
1.29577227838481
0.096134222336679
0.730943567640591
-0.13485402473932
0.38565330760386
-1.59461079693307
1.17464554694195
-1.87971362884532
-2.14947392254979
0.322759362392254
