7
1
0.637501766985245
0.225899844967593
0.498553361135399
0.859293473770536
0.5136126451754
0.000610016994400644
0.327027355550797
0.50725446415857
0.628923703933987
0.475117808841924
0.906564933976315
0.962681214771816
0.91788878524116
0.721294787199799
0.972621652825432
0.980810136785423
0.608185474055685
1.034239764017
1.08370093441193
0.213574865680995
0.53804784150832
1.10327192487832
0.956497193926702
0.706562965010691
0.611447501986116
0.77312983417256
0.0205053724361715
0.541569186828948
0.723128708325812
0.542648935977624
0.344603688546222
0.948876142582326
1.06717565544254
0.767222351267595
0.204163296823431
0.620901751062099
0.512863495261715
0.716387620519445
1.15161480955077
0.537442355256753
0.447341116092282
0.253725556870922
0.672890214275313
1.00083178456685
0.868651951255648
1.2355292652854
1.03982698885231
0.473110078987551
0.970933228399943
0.617842248842073
0.185166819448135
0.885161412037548
0.945981289000328
0.348228643251721
0.0400607876591908
0.863930777394059
0,713418601438297
-0.439556735498926
0.391213734612697
0.698859448778853
-0.138017787513748
0.530972996244413
0.688177470375633
-0.0801668984672118
