12
1
0.160280378693827
0.105950962792224
0.0200113674382632
-0.157007756396801
-0.0208861946138366
0.300279415429489
-0.436700044392131
-0.51051946364476
-0.0299189678172439
-0.493412705343599
-0.381427071569697
-0.577825804700414
-0.755395353556492
5.72204156664784
-0.0732306971053049
0.227267378214379
3.11884818762578
1.34794194458609
0.0336705557011964
0.464150865611382
-3.16214375706168
-2.2696174721647
-2.28889507626524
-3.73143478131959
-4.14548529856342
2.31935513590069
-0.0568581341645533
-0.436934933738214
-1.02186837130772
-0.704135180620273
0.129857004281076
-0.530163884643087
-1.48143867786245
0.171423366210312
-1.34154091716955
-1.0663379144265
-1.26453607382313
0.362188143027695
-1.3074003885663
-0.680441736223008
0.157958218835093
1.04981365168238
0.335142103032864
0.623187676471984
0.486068642587888
0.912157891294612
0.896693650613344
0.984401658304327
0.926968812625936
0.607801098341303
0.532438554013877
1.0741220631571
1.15035502735739
0.606090605212565
0.294694375196234
0.302058535941129
-0.261630877617581
0.562433831792516
0.0593157151916659
-0.026274326094429
0.0215479597137438
-0.0392565542138198
0.556833223642837
0.33951476864444
-0.081627279423564
-0.534442188182411
-0.0770748374483775
0.237234322460066
-0.165030178440686
-0.300471754111023
0.0569723084587484
-0.642898188411611
-0.741038075644836
-0.222916286072625
-0.106339758924918
-0.67181493477867
-0.162330590061222
0.137933980378199
0.170393848709444
-0.20829274905592
-0.784085376870577
-0.259372580686695
-0.404088277251381
-0.680910887493718
-0.827328112460254
-0.367267838801385
-1.42489924978985
-1.41518670667346
-0.68254303168974
-0.205791536825669
-1.42858265912936
2.19481484373247
0.0400717628277842
4.36450566928703
-7.40807265003598
-3.45182403338087
0.0432803523119361
-0.157092375607215
-3.16061648234388
2.45104172472194
2.61443940882415
0.972001185944258
-3.76253909202621
2.64121358124643
0.653518712882522
-0.192428497759394
0.356674122084265
-0.469163359092382
-0.473307168919231
-0.00529923047067396
-0.698544297305738
-0.68800991209641
-0.889353344668211
-0.858455579451488
-0.336315640063642
-0.239487965989103
0.454100624571009
0.267774389614705
-0.180657354973427
0.0452168876154133
-0.941621537865701
-0.867907828020463
-0.436610482245146
-0.65833197744753
-0.187548895492169
-0.341382487157153
0.448790890688315
0.161876056119544
-0.441981338591297
-0.385163011253948
0.199279079055842
-0.193345124385939
-1.2482724551008
-0.243414690350209
-0.87377193386582
0.0595299311378561
-0.94949513961191
-0.458662408192121
-1.26952730092429
-0.931265361242761
-0.790194954348781
0.0604157612311845
-1.65271118295176
-0.194422361786547
-0.109058737419867
-1.01961707728141
-0.623640144450073
-0.664257913241408
-0.215312611903884
-1.2134240986607
0.207910271979613
-0.448513195226191
-1.2975353702216
-0.530484358444147
-0.0898263585384075
-1.54058695450539
2,53297157900303
-0.630808105925759
-1.32182070525621
1.81774355983825
-1.47464471157962
1.10080524773205
-0.666332132834151
1.75118143888129
-2.17660329457226
-1.20118657832828
-0.820880619980134
2.06280547615707
1.51977675206887
