12
1
0.507091498935527
0.55448761441775
0.829693352278489
0.670878782935524
0.847319077208427
0.84154587693419
0.614172896413989
0.390814902384067
0.880938048058735
0.4182197652115
0.523804817664267
0.342013426267585
0.328296159620862
0.927943838906036
0.0210388508816526
0.738781265256518
0.141136389661557
0.738683911998863
0.129308489605682
0.823939245164529
0.107899545777589
0.780937945326563
0.386479674874643
0.0117967532910331
0.100620736537276
0.370309625964991
0.39782433562307
0.223984457404402
0.424233397670078
0.0611903642636351
0.959817658345183
0.0779852900705826
0.0270535624610214
0.491417553417395
0.261762002292191
0.604505453834708
0.178304961543399
0.89110893988198
0.69249526749771
0.442602199532021
0.0419593173889937
0.83400310716887
0.0777530448141708
0.401633362293287
0.359284409555919
0.647436327676832
0.76002749079258
0.781054318652718
0.713932961762702
0.423837299418452
0.396076454382173
0.745122383591749
0.957826118399122
0.845838071590414
0.747326559686432
0.724559285016216
0.167545089477322
0.817848551228837
0.570075646059654
0.476800087974882
0.442270676063602
0.389582590912399
0.965106252802077
0.818058955306186
0.45663418955082
0.445474037538305
0.313156840972135
0.835509625719135
0.664301481023815
0.414413556590337
0.558770893109341
0.248229728112834
0.0439602459205426
0.686330574235089
0.782019940424994
0.27384692340301
0.703103137418029
0.984639011238274
0.65184790612027
0.452531006866787
0.608968918794086
0.616135265291485
0.508948953330762
0.000945694779535789
0.66480045566924
0.214850280401893
0.120029771835404
0.181256435138675
0.743586008082803
0.536869082819182
0.436054442315048
0.362034507380594
0.322576343050998
0.217978189754045
0.000458925774060184
0.652348630255038
0.868768529053165
0.25978933424461
0.944892377264095
0.914268685511022
0.334414009120032
0.924465656616774
0.116557832992824
0.29945748759953
0.863857626448757
0.146694020606746
0.699632272342191
0.268977030286499
0.0622023857953209
0.472608351778005
0.0199238648349801
0.181518183788187
0.163894984848365
0.115660471777663
0.865128033780287
0.823225356477426
0.877390057588516
0.963287396427596
0.151417174851334
0.240567651471129
0.32350234377057
0.130307493037657
0.0905082087681219
0.126251202040457
0.976535315569868
0.197076474669137
0.92649936398268
0.82685442076031
0.686712063116434
0.130577687424578
0.404477200128158
0.443451798076978
0.0394276909349954
0.73759792907529
0.118124214877496
0.685883689840266
0.500439945531824
0.21073401996573
0.135988274973511
0.518433081956913
0.514596889165923
0.850405984578537
0.118108124833851
0.26806165209617
0.514864929275801
0.251543872932927
0.192174040704432
0.200754388835396
0.348675907822843
0.170503065967033
0.768933942291451
0.900706639274504
0.103556663289594
0.699719077378151
0.586230310590063
0.198286686994195
0,543347037953641
0.697266023244213
0.0334525042211632
0.378750539347356
-0.071337051325923
0.581695050123569
0.291127727189334
0.64284921653687
-0.223113229821018
0.288093394017616
-0.147427924332855
0.13878296448608
0.710195751046494
